2232 32 1.22895 1
2660 51 1.01594 1
3762 51 0.990026 1
2368 27 0.914138 1
5619 50.5 1.06298 1
6649 25 1.06133 1
6419 77 0.927295 1
5720 54 0.959838 1
3467 61 1.04359 1
9039 55 0.96768 1
2271 28.5 0.971003 1
5729 36 1.0442 1
2860 66 0.986437 1
6232 74 1.00702 1
2332 32.5 0.9947 1
3756 61.5 1.00453 1
5219 104 0.96829 1
6250 40.5 0.949145 1
8020 94 1.04005 1
2569 22 1.10384 1
3232 49 0.933055 1
5917 95 1.04772 1
6237 58 1.03985 1
5924 50 0.949503 1
7337 48 1.09077 1
6240 69.5 1.10224 1
2366 37 1.20779 1
3131 60 1.04312 1
5421 53 1.09785 1
5250 47.5 1.08643 1
6216 102 1.03248 1
8739 25 0.943829 1
2334 52.5 0.989916 1
6227 86 0.981232 1
6750 49 1.07472 1
7612 102 1.09131 1
7847 50 1.15359 1
2760 57.5 1.06587 1
6351 45 1.14529 1
6427 115 1.1145 1
7760 25 1.06439 1
2171 80 0.991592 1
5352 79 1.1265 1
6814 86 1.0271 1
6238 44 1.07244 1
5023 56 1.09794 1
6172 95 1.09327 1
2371 61 1.10825 1
6362 45 1.20041 1
5703 46 1.01501 1
7925 94 1.04923 1
6028 53.5 0.979724 1
2753 70 1.0576 1
7340 25 1.01444 1
6847 96 1.06313 1
9729 113.5 1.08625 1
3567 40 1.02852 1
6239 51 1.17597 1
6245 77.5 1.15117 1
6451 62 0.985944 1
2460 20.5 1.12837 1
5424 111 1.11537 1
2229 49.5 1.08432 1
8706 96 1.17191 1
5620 92 1.10243 1
5454 65 1.20664 1
2235 30 1.02057 1
9934 42 1.08084 1
3465 46 0.968141 1
9837 100 1.05767 1
5895 43 1.00374 1
5217 88.5 1.12058 1
3566 23 0.996749 1
6213 74.5 1.15561 1
6064 40 1.05163 1
5251 96 1.03961 1
7724 107 0.949769 1
6553 43 1.09306 1
7739 76.5 1.01826 1
2369 38 1.1058 1
3719 43 1.06735 1
6227 99.5 1.11668 1
5764 72 1.14308 1
3470 54 1.11687 1
6745 69 1.01752 1
2271 55 1.09973 1
6573 117.5 1.03447 1
6435 107 0.947582 1
5720 91 1.00335 1
2564 25.5 1.14801 1
7152 23 1.0479 1
6325 87 1.06955 1
6972 82 1.02483 1
3760 44 0.938565 1
5521 83.5 0.974312 1
6748 39 1.11253 1
7827 75 1.10251 1
7445 49 1.17775 1
2229 56.5 1.08157 1
6243 58 1.10236 1
7343 75.5 1.03786 1
6127 55.5 1.10183 1
2660 30 1.1739 1
8207 82 1.22595 1
7540 49.5 1.07029 1
5824 100 1.08132 1
3754 55 1.09959 1
6140 51 1.01505 1
5919 90 1.07965 1
5752 58 1.08139 1
2563 38 1.09423 1
5797 31 1.09147 1
6164 150 1.02487 1
2231 36 1.0369 1
6550 35 1.04179 1
6466 95 1.05685 1
9206 70 1.0504 1
6145 52 0.996126 1
6125 45 0.969006 1
2272 60.5 1.02096 1
5770 57 1.12586 1
9639 69 1.09468 1
3468 41 1.025 1
7926 147 1.22436 1
8427 56 1.15306 1
2369 26 1.36478 1
6351 58 1.06605 1
7906 37 1.10852 1
5417 76.5 1.07299 1
6040 44.5 1.10168 1
3467 58.5 1.06061 1
5020 78 1.08893 1
3332 50 1.04624 1
6127 57 1.10746 1
6270 80 1.07466 1
7340 61 1.00934 1
7645 79 1.04899 1
5929 56 1.05454 1
2368 68 1.15138 1
7873 46.5 1.18154 1
5325 86 1.04588 1
3360 42 1.10522 1
6463 55 1.00104 1
6812 73 0.934475 1
5774 163 1.12842 1
7243 70 1.02701 1
2333 34 1.15636 1
3403 56 1.15307 1
6140 51 1.18963 1
3760 71 1.13493 1
5930 56 1.21293 1
6750 60.5 1.05983 1
6244 46 1.09478 1
2227 34 1.18562 1
5220 83 1.26762 1
6164 100 1.04642 1
5869 19 1.12745 1
2553 72 1.20201 1
7835 77 1.02743 1
2662 48 1.00218 1
7614 78 1.0639 1
7071 46 1.06552 1
2366 40.5 0.988917 1
6239 51 1.14631 1
5767 105 1.09619 1
5972 73 1.00774 1
6368 108 0.970449 1
4921 49 1.03855 1
6470 86 1.09322 1
2439 27 1.07232 1
5620 90 1.02534 1
2274 61 1.16 1
7541 43 1.20876 1
6845 46.5 0.938246 1
6326 82 1.11626 1
3470 49 1.01406 1
6635 78.5 1.01312 1
5630 60 1.02758 1
6748 33 1.01906 1
2660 58 1.11251 1
4626 55 1.15262 1
3522 105 1.10019 1
6353 61 1.08307 1
7215 71 1.11127 1
3332 22 1.22995 1
8575 82.5 1.13404 1
5419 78 1.06492 1
2236 24 1.19718 1
7540 49.5 1.00667 1
6212 69 1.12464 1
5750 94.5 1.04694 1
8403 79 1.06966 1
6232 63 1.15302 1
3374 65 0.985475 1
5219 121 1.08248 1
2369 26 1.21097 1
6250 60 1.25112 1
3464 73 1.07103 1
3138 43.5 1.23448 1
9870 67.5 1.18181 1
2660 48 1.30905 1
6026 79 1.11596 1
6748 39 1.17338 1
3766 34.5 1.28606 1
8114 134 1.23004 1
2334 52.5 1.09624 1
7480 52.5 1.33874 1
5452 85 1.17494 1
3228 70.5 1.02437 1
3569 41 1.08762 1
9780 47 1.13523 1
5521 105 1.17218 1
2273 28 1.40942 1
7339 24 1.35629 1
6214 101 1.1963 1
6451 43 1.23183 1
7770 93 1.1289 1
3562 63.5 1.04518 1
6875 43 1.04683 1
2438 47 1.19507 1
4725 64.5 1.29382 1
3665 64 1.14526 1
2369 23 1.21325 1
8732 66 1.21209 1
5721 88.5 1.19282 1
9587 90 1.13952 1
6470 88 1.30061 1
5860 151.5 1.15785 1
7812 79 1.07276 1
7217 108 1.06822 1
6241 44 1.15507 1
9939 94 1.10708 1
2660 28 1.08081 1
7823 72 1.02677 1
5725 65 1.08316 1
6526 83 1.51028 1
6235 64.5 1.30235 1
3234 36 1.21495 1
3374 61 1.18673 1
8125 74 1.32278 1
7348 46 1.28606 1
8020 100 1.13144 1
5367 80 1.22316 1
6028 58 1.14235 1
6337 70 1.1077 1
5426 105 1.11943 1
7249 39 1.25734 1
2333 34 1.08786 1
6362 104 1.25785 1
9425 75 1.23061 1
2756 59 1.19819 1
6645 43.5 1.07756 1
8412 90 1.08587 1
2072 60 1.13759 1
6227 102 1.22121 1
6259 60 1.20667 1
8707 76 1.02616 1
6248 83 1.14581 1
2565 39.5 1.17157 1
6660 92 1.15928 1
5125 46 1.05552 1
6141 44 1.13933 1
5719 108 1.17001 1
5832 58 1.12028 1
2855 62 1.14038 1
2271 24 1.07741 1
8739 78 1.2435 1
5417 75 1.25053 1
2235 40.5 1.05398 1
7337 40 1.10717 1
6225 98 1.18365 1
5421 76.5 1.14985 1
3662 47 1.06826 1
6164 62 1.20412 1
2337 29.5 1.10597 1
6844 40 1.00164 1
5922 81 1.07174 1
3472 47 1.12097 1
9864 68 1.04357 1
2364 67 1.15128 1
7564 36.5 1.16024 1
5720 90.5 1.29092 1
8126 122.5 1.15887 1
5652 56 1.27658 1
6232 69 1.23743 1
8218 83 1.153 1
6442 90 1.09162 1
3797 47 1.05043 1
3233 59 1.13418 1
6028 38 1.19927 1
7143 49 1.0558 1
7645 79 1.02134 1
3131 52 1.15188 1
9105 93 0.969396 1
6270 80 1.04233 1
5217 89 1.15472 1
5346 68 1.10457 1
3663 51.5 0.968609 1
8105 49 1.11772 1
2234 75 1.10719 1
6351 66 1.10657 1
5770 71 1.15749 1
6553 51 1.1291 1
5720 49 1.18109 1
2366 48 1.02737 1
6621 106 1.16309 1
7337 73 1.16124 1
5975 69.5 1.27589 1
9798 63 1.19076 1
2465 33 1.21822 1
5250 94 1.07686 1
7243 59 1.04001 1
3761 73 1.03452 1
5417 75 1.07101 1
4626 62 1.05094 1
7829 97 1.13805 1
5696 55.5 1.068 1
2129 50 1.13226 1
6427 115 1.15153 1
3585 50.5 1.29047 1
6237 59 1.02933 1
6263 86 1.10937 1
5924 49 1.13656 1
2237 63.5 1.08798 1
9652 69.5 1.24827 1
4917 84.5 1.14968 1
6239 53 0.983214 1
8220 104 1.00861 1
3467 40 1.11372 1
6245 66 1.10737 1
6464 137 1.10481 1
6456 51 1.14208 1
7773 45 1.03187 1
2659 73 1.04628 1
9405 64 1.09509 1
5720 91 1.00257 1
8118 47 1.05567 1
2234 75 0.972361 1
6251 47 1.11632 1
6419 79 1.10274 1
2754 35 1.18555 1
6748 39 1.44057 1
8427 52.5 1.32687 1
4921 61.5 1.32757 1
2368 85.5 1.42738 1
9056 35 1.1479 1
2852 42 1.12792 1
6324 76 1.0716 1
8725 79 1.04134 1
3334 35 1.09972 1
6435 97.5 0.996109 1
2660 53 1.04146 1
5767 89 1.14364 1
6629 80 1.04348 1
7248 61 1.15056 1
7760 50 0.998122 1
6227 102 1.04856 1
9737 64 1.07413 1
7679 117 1.01325 1
2227 34 1.11191 1
8720 104 1.12724 1
7553 42 1.07924 1
7625 76 0.95178 1
2171 36 1.04146 1
6368 76 1.19354 1
6251 47 1.18208 1
5220 86.5 1.15466 1
3766 56 1.23509 1
6651 117.5 1.17938 1
9939 63 1.22931 1
5926 79 1.24447 1
8127 48 1.03104 1
3129 47 1.19307 1
285 104 1.0184 1
5774 78 1.10518 1
8105 49 1.24021 1
7343 81 0.986379 1
2334 52.5 1.11609 1
5619 98.5 1.0501 1
6141 32 1.26295 1
6221 97 1.20816 1
6351 72 1.07431 1
9957 28 1.02428 1
2465 31 1.0699 1
5417 75 1.1177 1
6554 77 1.10338 1
3468 50 1.18106 1
6665 54.5 1.17668 1
2273 86.5 1.2242 1
9871 41 1.03094 1
6227 102 0.977832 1
5662 107 1.12266 1
8812 42 1.01786 1
3236 64.5 1.20477 1
9837 117 1.00693 1
8126 96 1.03165 1
2272 64 1.0909 1
9782 56 1.15402 1
6423 65 1.00663 1
6542 69 1.10249 1
2334 43 1.20453 1
5262 63 1.05214 1
6229 96 1.1617 1
5749 88 1.06572 1
9497 80 1.01522 1
6329 81 1.24812 1
5370 82 1.13342 1
3762 47.5 0.93952 1
2229 62 1.1271 1
6238 36 1.15682 1
5418 86 1.16275 1
6246 45 1.08328 1
5620 92 1.00234 1
2369 23 1.141 1
7936 36 1.29552 1
5266 73 1.02855 1
7549 76 1.04086 1
5720 91 1.11901 1
6250 41 1.06753 1
2755 53.5 1.01306 1
6362 51 1.24767 1
5219 121 1.27943 1
2856 46.5 1.19997 1
6760 39.5 1.17404 1
6519 102.5 1.15765 1
7337 71 1.13436 1
6750 62 1.14202 1
5917 76.5 1.07946 1
3668 52 1.19399 1
2234 75 1.14743 1
8739 25 1.22847 1
2564 30 1.03967 1
6140 62 1.18467 1
8203 105.5 1.13017 1
6423 65 1.16218 1
6249 48 1.10429 1
2271 28.5 1.2089 1
8906 73 1.21837 1
7658 78 1.07011 1
6897 92 1.0944 1
6263 78.5 1.24413 1
2468 43 1.17199 1
3921 55.5 1.17271 1
6844 40 1.09499 1
6681 74 1.04987 1
6164 108 1.12344 1
5930 72 1.13846 1
2662 40 1.07162 1
6462 74 1.2147 1
6139 62 1.10724 1
2237 75 1.11309 1
5419 79 1.24771 1
3135 41 1.17065 1
6497 59 1.29674 1
5847 70 1.12104 1
6767 76 1.18528 1
5922 103 1.10629 1
2273 38.5 0.975021 1
7339 38 1.02271 1
6875 133 1.09477 1
5653 82.5 0.950857 1
3470 36 1.11443 1
7614 79 1.0303 1
5761 112 1.12985 1
2565 40.5 1.18531 1
9495 44 1.03297 1
5729 68 1.12394 1
2334 52.5 1.1445 1
8939 43.5 1.07317 1
6751 92 1.21526 1
5619 98.5 1.08547 1
5774 86.5 1.24401 1
8270 58 1.13821 1
6372 128 1.06442 1
9764 93 1.07955 1
8427 78 1.02891 1
3467 39 1.08789 1
2265 55 0.953327 1
7756 74 1.06866 1
5419 110 1.06777 1
6497 53 1.03579 1
3565 67 1.08784 1
2237 75 1.02777 1
7543 21 1.18188 1
6270 85.5 1.0811 1
2232 51.5 1.05248 1
6239 51 1.0294 1
6534 41 1.07728 1
5521 121 0.976152 1
9239 44 0.974958 1
9772 75 1.01542 1
2234 71 1.1493 1
6145 52 1.06967 1
5725 44 1.05473 1
9837 70 1.09499 1
6263 86.5 1.1397 1
7249 64 1.16588 1
8717 108 1.12927 1
2466 26 1.15955 1
6225 73.5 1.15005 1
6235 65 1.16214 1
6337 59 1.16319 1
4821 98 1.10614 1
9171 131 1.12598 1
6844 53 0.979363 1
2465 33 0.953393 1
8539 45 1.07836 1
6164 100 1.06823 1
5424 111 0.972843 1
3476 24 1.04178 1
2229 59 1.00363 1
5975 87.5 1.14557 1
6750 75 1.08778 1
6244 46 1.14691 1
2855 56 1.0628 1
5824 100 1.26496 1
5742 59.5 1.07609 1
3568 42 1.10509 1
2337 41 0.992463 1
5217 54 1.00441 1
9502 67 1.02407 1
3265 50 1.02497 1
5619 98.5 1.02653 1
6363 48 1.19622 1
5673 82 1.23515 1
6336 93 1.08804 1
9864 68 1.13486 1
3777 91 1.18272 1
2547 107 1.05608 1
6249 33 1.00079 1
5774 72 1.01642 1
2371 61 1.05322 1
8979 81 1.1225 1
5417 54.5 1.00844 1
2564 27.5 1.01211 1
6146 32 1.0948 1
5318 78 1.05978 1
3373 74.5 1.13404 1
3716 113 1.05918 1
4917 84 1.15223 1
7873 77.5 1.06816 1
6327 116 1.09595 1
5751 86 1.0916 1
2438 64 1.2174 1
5267 47 1.0507 1
3223 29 1.02408 1
6845 120.5 0.990426 1
3820 48 1.06936 1
5220 81 0.964851 1
9652 82 1.05411 1
2366 48 1.03917 1
3764 47 1.19708 1
6232 69 1.09017 1
7080 50.5 1.08717 1
2370 34 1.06409 1
6345 59 1.15733 1
5367 95 1.08444 1
9935 44 1.07365 1
6225 97 1.14883 1
8701 86 1.01006 1
2753 72 1.07807 1
8941 91 1.07571 1
5926 59 1.06954 1
6352 29 1.04411 1
5577 55 1.08022 1
4718 126 1.11651 1
2468 29 1.02247 1
9797 64 1.07949 1
8203 105.5 1.0152 1
5752 58.5 1.06487 1
5720 76 1.04197 1
6262 77 1.10635 1
2273 25 1.22879 1
6227 86 1.24779 1
5749 43 1.03983 1
3233 54 1.08073 1
7047 97.5 1.04383 1
7614 54 1.06391 1
5769 90 0.961205 1
3238 87 1.02066 1
7336 71 1.02009 1
5609 63 0.937925 1
2137 31 1.03597 1
6141 46 1.15996 1
5466 106 1.11947 1
3272 22.5 1.10465 1
6125 65 1.03436 1
6353 122 1.07891 1
3766 78 1.03314 1
7470 57 1.13089 1
5719 93 0.986883 1
8601 13 1.05197 1
2333 34 1.09259 1
6349 81.5 1.03394 1
9004 55.5 1.0488 1
6326 79 1.1047 1
3762 68 1.03003 1
2369 31.5 1.04242 1
6847 64.5 1.14497 1
5956 92 1.11024 1
7808 101 1.00949 1
7761 32 0.984782 1
2565 77.5 1.10024 1
6260 96 1.12869 1
5732 51 1.14618 1
9376 95 1.13768 1
6145 64 1.0442 1
6515 78 1.06632 1
3796 74 1.10838 1
6845 74 0.990396 1
2272 60.5 0.987533 1
9868 79 1.1034 1
6127 30 1.05655 1
5950 129 0.982104 1
8945 101 1.00954 1
2233 22 1.04584 1
9837 86 1.16062 1
5752 58.5 1.18592 1
3373 62 1.07923 1
6218 121 1.05766 1
7021 102 1.07551 1
6258 60 1.03555 1
3224 47 1.105 1
6573 100.5 1.02458 1
6240 43 1.06047 1
2856 52.5 1.16105 1
8126 96 1.23964 1
2271 24 1.02702 1
5929 36 1.16393 1
7337 73 1.20742 1
6251 46 1.02017 1
2369 23 1.16402 1
5774 86.5 1.15271 1
5426 99.5 1.1907 1
7243 59 1.37431 1
3558 104 1.31191 1
5975 58.5 1.2259 1
6221 97 1.18629 1
8529 65 1.07081 1
7634 49.5 1.08499 1
5220 86.5 1.21457 1
2229 49.5 1.25049 1
7936 45 1.14043 1
6238 54 1.128 1
6750 48 1.23944 1
6526 91 1.19827 1
7906 55 1.0276 1
5926 104.5 1.0647 1
5696 69 1.21262 1
2369 31.5 1.25024 1
7658 69 1.08609 1
3760 82 1.17066 1
5120 70 1.11441 1
7445 53 1.11597 1
7926 155 1.01403 1
2425 49 1.07704 1
6244 62 1.14518 1
7823 91 1.04209 1
6746 32 1.24827 1
2273 38.5 1.21552 1
6751 91 1.01709 1
5219 75.5 1.11165 1
3467 39 1.04698 1
8427 84 1.07605 1
9834 57 1.22444 1
6362 112 1.14134 1
6230 60 1.045 1
2562 42 1.05153 1
6350 33 1.0391 1
6164 103 0.983208 1
5361 51 1.02224 1
2229 33 1.07503 1
6145 64 1.04918 1
7046 47 1.15048 1
5620 92 1.04889 1
3325 59.5 1.20944 1
2270 46 1.14059 1
5767 57 1.09675 1
9105 148.5 1.05129 1
7143 39 1.08507 1
6027 63.5 1.15065 1
7757 65 1.0892 1
5462 116 1.14049 1
6127 30 1.02767 1
3359 105 1.07743 1
6644 40 1.00346 1
6665 58 1.01098 1
6427 113 1.15646 1
3766 50.5 1.01435 1
2369 26.5 1.09652 1
6233 73 1.14955 1
5318 78 1.01802 1
9587 93 1.03266 1
6463 79 0.960846 1
2229 62 1.07731 1
5956 71 1.22383 1
7941 40 1.02082 1
8203 103 1.08401 1
2852 45 1.07177 1
3569 41 1.02805 1
6515 102 1.02846 1
7677 44 1.0481 1
7250 66 1.09129 1
6362 107 1.07149 1
5720 91 1.02358 1
6252 49.5 1.14921 1
6526 83 0.987966 1
5454 85 1.02431 1
2558 52 1.07534 1
6875 48 1.09858 1
6326 79 1.1794 1
5226 56 1.16156 1
3375 30.5 1.15713 1
6351 66 1.18228 1
6227 86 1.19607 1
2235 40.5 1.09612 1
3562 57 1.03292 1
8730 43 1.0871 1
7540 56 1.03711 1
3703 116.5 1.02632 1
4059 108 0.953608 1
5669 47 0.952912 1
6517 88 0.942825 1
7339 38 1.05713 1
8706 112 1.10946 1
6022 73 1.06731 1
2364 49 0.99506 1
6549 27 1.08447 1
7074 142.5 1.01915 1
7645 69.5 0.992115 1
6250 60 1.02494 1
5219 103.5 1.15618 1
2367 18 1.06467 1
8126 103 1.13045 1
6844 40 1.06456 1
5725 52.5 1.09071 1
4252 65 1.09375 1
6652 75 0.987057 1
6260 96 1.09086 1
2333 34 1.17132 1
8427 62 1.21247 1
5419 77 1.17282 1
6849 47 1.21163 1
3464 24 1.21193 1
5318 78 1.23103 1
9781 66 1.30424 1
2036 38 1.16467 1
3374 61 1.0595 1
9937 55 1.12658 1
7337 50 1.0919 1
8227 109 1.17877 1
3766 39 1.24273 1
6353 118 1.05353 1
7315 70 1.08384 1
7471 64 1.24466 1
2660 53.5 1.11906 1
7442 31 1.09695 1
5218 108 1.10249 1
9939 65 1.11002 1
5773 118 1.0558 1
6419 106 1.07007 1
7773 20 1.07821 1
3466 95 1.03705 1
6350 74 1.04484 1
7044 53 1.03806 1
5670 85 1.0253 1
5620 62 1.02068 1
8412 78 1.15812 1
7349 32 1.09152 1
2565 67 1.19676 1
8203 63 1.20923 1
6035 41 1.00164 1
2134 37.5 1.14331 1
5426 99.5 1.20015 1
7761 43.5 1.30218 1
6337 67 1.31307 1
6516 76.5 1.12135 1
2369 41 1.13314 1
3762 29 1.14351 1
7248 31 1.05781 1
5264 104.5 1.24793 1
2855 74 1.00229 1
7246 40 1.00901 1
6425 108 1.0651 1
9212 68.5 1.02777 1
5942 107 1.00972 1
6451 52 1.132 1
2237 67.5 1.14148 1
6025 72 1.18402 1
6263 73.5 1.29058 1
3262 58 1.09176 1
2660 53 1.13958 1
8370 46 1.07415 1
8420 95 1.07299 1
6127 32 1.08272 1
9773 104.5 1.06464 1
2655 63 0.974127 1
8912 82 0.977885 1
6454 43 1.09407 1
2860 84 0.966157 1
6225 92 0.975421 1
6233 47 0.958988 1
2271 19 1.12346 1
9105 148.5 0.931214 1
3135 38 0.977261 1
9797 92.5 1.0557 1
5720 66.5 0.988733 1
3795 110 1.08522 1
8220 86 1.01189 1
7145 105 0.956249 1
2436 44 0.960147 1
3274 60 1.14433 1
5217 88.5 0.898074 1
8105 48 1.07237 1
7829 75.5 1.14389 1
2235 40.5 1.176 1
6250 60 1.1609 1
9587 76 1.06583 1
7724 107 1.04037 1
7046 61 0.955464 1
2368 24.5 1.04355 1
8427 88.5 1.13795 1
7812 96 1.16432 1
3467 40 1.05637 1
6235 68 1.04651 1
6225 58 1.09702 1
2369 33 1.07158 1
6470 90.5 1.01439 1
7439 54 1.06865 1
6750 62 1.1191 1
5415 107 1.09775 1
3135 28 1.2389 1
8125 74 1.10146 1
6246 39 1.04939 1
2563 64 1.0671 1
5752 57 1.06981 1
4917 84 1.1823 1
8724 56 1.20507 1
2366 48 1.1239 1
5729 36 1.12661 1
7636 101 1.074 1
5720 46 1.06256 1
2334 43 1.16694 1
6847 64.5 1.3231 1
3762 51.5 1.07396 1
5366 95 1.22749 1
6270 80 1.0373 1
6140 72 1.11913 1
2233 49 1.044 1
4273 27.5 1.16685 1
6164 139 1.1333 1
5767 64 1.05786 1
6239 67 1.17081 1
2760 57.5 1.061 1
6844 40 1.1977 1
6022 73 1.21341 1
5367 60.5 1.11185 1
2657 50.5 1.1967 1
8629 70 1.15647 1
6748 32.5 1.10988 1
9206 70 1.19547 1
5123 64 1.1585 1
6144 87 1.02686 1
5924 50 1.01767 1
2366 57.5 1.28082 1
5902 41 1.15777 1
9006 127 1.09587 1
3133 68 1.12351 1
6435 55 1.08053 1
5774 93 1.11088 1
5721 88.5 1.0881 1
6448 26 1.04603 1
9278 112 1.06621 1
2236 47 0.945024 1
5417 63 1.10035 1
5367 60.5 1.0848 1
2333 34 0.996929 1
6449 75 1.07753 1
7544 51 1.08702 1
6172 105.5 1.07965 1
6460 44 1.16488 1
4639 126 1.15992 -1
6423 50 1.12829 1
2072 46.5 1.05872 1
6237 72.5 1.05299 1
6750 58.5 1.15683 1
5521 109 1.24805 1
8739 54 1.06901 1
2468 34 1.2129 1
4952 105 1.21917 1
3760 44 1.08773 1
5167 94 1.04329 1
6232 46 1.12265 1
2225 51 1.10481 1
3857 53 1.19012 1
7615 98 0.946144 1
2368 27 1.02263 1
9870 44 1.06295 1
5851 76.5 1.05233 1
8427 97 1.10936 1
5120 76.5 1.02403 1
7445 45 1.19108 1
7829 97 1.16037 1
2333 34 1.08322 1
5220 84.5 1.06712 1
6750 59 1.16042 1
3718 58 1.14534 1
5869 55.5 1.22482 1
3797 87 1.0729 1
6129 63 1.18158 1
2660 53 1.13682 1
6244 59.5 1.15226 1
2539 28 1.0695 1
8303 56 1.08593 1
6362 104 1.06553 1
5833 69 1.05938 1
8600 119 0.950796 1
8726 62 1.00653 1
3134 52 1.03075 1
7337 73 1.03819 1
8954 51.5 1.0816 1
2464 36 1.06574 1
6435 110 1.15206 1
8126 98.5 1.05722 1
2334 52.5 1.1132 1
7460 63 1.18888 1
5618 112 1.11389 1
6352 33 1.08593 1
2468 21.5 1.09089 1
6227 81 1.19926 1
5975 73 1.14144 1
8739 86 1.24453 1
3332 56 1.05927 1
5219 103.5 1.11045 1
9195 29 1.18565 1
2433 63 1.07133 1
3479 48 1.1227 1
7805 78 1.01178 1
2852 89 1.02622 1
5720 90.5 1.10263 1
7080 58 1.17653 1
6270 80 1.10142 1
2339 75 1.21797 1
6248 42 1.17769 1
6127 62 1.03505 1
2567 36 1.09645 1
3797 48 1.07081 1
5917 99 1.25325 1
6240 69.5 1.09685 1
6847 58.5 0.979574 1
6470 88 1.06218 1
6237 54.5 0.934036 1
8128 46 0.955255 1
6256 139 1.09716 1
2273 28 1.23541 1
4818 61.5 1.15557 1
6549 52.5 0.959124 1
5696 72.5 1.02253 1
2369 23 1.16079 1
5419 79 1.21112 1
6665 55 1.1821 1
3468 41 1.17142 1
6231 70 1.25695 1
2127 39 1.19191 1
5843 55 1.23627 1
8126 96 0.978285 1
6022 72 1.09433 1
7337 67 1.25588 1
5552 96 1.22406 1
3662 90 1.11351 1
7348 46 1.16962 1
7805 46 0.984807 1
5620 67.5 1.07714 1
2438 60.5 1.13796 1
4273 34 1.06146 1
5869 125 1.10914 1
6362 99 1.04141 1
6125 57.5 0.993213 1
9955 81.5 0.981731 1
2956 72 0.919466 1
5219 59 1.16609 1
2432 44 1.07045 1
6336 45 1.17137 1
6146 45 1.04649 1
3366 49 1.08302 1
5916 63.5 1.02148 1
4921 48 0.91725 1
9798 111.5 0.967432 1
8227 101 1.05529 1
5752 57 1.07638 1
3163 50 1.08582 1
2369 38 0.977371 1
7243 57 1.22267 1
5720 48 1.20803 1
6565 44 1.13837 1
7225 71 1.0534 1
6220 105 1.10206 1
8203 78 1.0475 1
6262 47 1.11484 1
2237 75 1.14677 1
